12 576
1 524
2 270
3 280
4 266
5 271
6 423
7 687
8 108
9 333
10 182
11 443
12 56
15 11471
1 111
2 549
3 577
4 652
5 141
6 576
7 131
8 320
9 126
10 442
11 477
12 52
13 358
14 435
15 524
13 959
1 310
2 302
3 682
4 253
5 189
6 165
7 247
8 220
9 497
10 599
11 270
12 440
13 447
15 6919
1 448
2 348
3 45
4 251
5 449
6 272
7 234
8 591
9 479
10 156
11 572
12 530
13 137
14 74
15 561
17 7397
1 322
2 520
3 257
4 548
5 81
6 297
7 37
8 615
9 335
10 663
11 662
12 480
13 543
14 31
15 474
16 379
17 355
13 9137
1 361
2 640
3 241
4 577
5 547
6 590
7 80
8 462
9 160
10 555
11 412
12 686
13 584
12 2022
1 52
2 261
3 197
4 445
5 136
6 533
7 218
8 177
9 209
10 256
11 395
12 252
11 4033
1 424
2 516
3 262
4 250
5 638
6 430
7 662
8 131
9 327
10 95
11 68
19 5533
1 401
2 596
3 317
4 474
5 503
6 484
7 562
8 129
9 337
10 381
11 229
12 529
13 292
14 671
15 521
16 582
17 303
18 642
19 514
11 11477
1 96
2 109
3 100
4 527
5 443
6 657
7 491
8 579
9 222
10 86
11 91
